Prince Hardy 9(+0) 0(+0) 1(+0) 0(+0) 0(+0)
Annunaki 818(+0) 204(+4) 0(+0) 0(+0) 0(+0)
Zakhar 32(+0) 29(+0) 0(+0) 0(+0) 0(+0)
Milki 278(+0) 174(+3) 7(+0) 0(+0) 0(+0)
ElBaan 1(+0) 10(+1) 0(+0) 0(+0) 0(+0)
Uti 86(+0) 19(+0) 2(+0) 0(+0) 0(+0)
Kahyyin 419(+0) 38(+0) 1(+0) 0(+0) 0(+0)
MalzBeer 774(+1) 171(+4) 1(+0) 0(+0) 0(+0)
M4RC3 86(+3) 25(+0) 0(+0) 0(+0) 0(+0)
Terran 368(+0) 308(+1) 10(+0) 0(+0) 0(+0)
Le Templier 461(+0) 55(+2) 0(+0) 0(+0) 0(+0)
Jake Peralta 7(+0) 0(+0) 0(+0) 0(+0) 0(+0)
TheViking 686(+0) 463(+5) 38(+0) 2(+0) 0(+0)
LdyDawn 25(+0) 2(+0) 0+0) 0(+0) 0(+0)
peppersagood 1488(+0) 826(+22) 7(+0) 2(+0) 0(+0)
davey 65(+1) 64(+1) 1(+0) 1(+0) 0(+0)
Lauf 1053(+8) 48(+0) 1(+0) 0(+0) 0(+0)
Ryanheart 24(+0) 156(+1) 7(+0) 0(+0) 0(+0)
Lady LoseLot 607(+6) 81(+2) 0(+0) 0(+0) 0(+0)
AndRo IV 134(+0) 120(+1) 21(+1) 0(+0) 0(+0)
Strath 116(+3) 0(+0) 0(+0) 0(+0) 0(+0)
Xesi 176(+0) 723(+4) 17(+0) 0(+0) 0(+0)
High Command 6(+0) 8(+0) 0(+0) 0(+0) 0(+0)
Rasell 4(+0) 114(+3) 0(+0) 0(+0) 0(+0)
The Spaniard 1393(+3) 400(+3) 13(+0) 0(+0) 0(+0)
fobiac 566(+5) 45(+0) 6(+0) 0(+0) 0(+0)
Lady Dani 1161(+0) 342(+0) 7(+0) 0(+0) 0(+0)
Zbubu 645(+4) 165(+2) 17(+0) 0(+0) 0(+0)
JamieMAY 221(+0) 158(+0) 34(+3) 0(+0) 0(+0)
Roelander 57(+3) 117(+0) 8(+1) 0(+0) 0(+0)
Jon Tree 1025(+0) 8(+0) 0(+0) 0(+0) 0(+0)
xXXJonesyy 93(+0) 24(+0) 1(+0) 0(+0) 0(+0)
SKYF1RE 109(+0) 6(+0) 1(+0) 0(+0) 0(+0)
Amberjane 677(+5) 248(+2) 13(+1) 1(+0) 0(+0)
Butchers 722(+2) 157(+4) 2(+0) 0(+0) 0(+0)
Bas 1162(+0) 582(+2) 53(+1) 1(+0) 0(+0)
Ulric 351(+0) 497(+0) 273(+2) 22(+0) 0(+0)
Halva 371(+7) 54(+0) 0(+0) 0(+0) 0(+0)
Adaline 21(+0) 112(+0) 10(+0) 0(+0) 0(+0)
Workforce 29(+1) 2(+0) 0(+0) 0(+0) 0(+0)
KHALEESI 01 42(+0) 13(+0) 0(+0) 0(+0) 0(+0)
Rathas 133(+0) 391(+3) 3(+0) 0(+0) 0(+0)
SPFD. 26(+1) 3(+1) 0(+0) 0(+0) 0(+0)
AndRo 4(+0) 5(+0) 1(+0) 0(+0) 0(+0)
Stoffe 1652(+1) 444(+0) 55(+2) 8(+0) 0(+0)
LSIB 361(+0) 4(+0) 0(+0) 0(+0) 0(+0)
UnderCap 86(+8) 193(+0) 0(+0) 0(+0) 0(+0)
LORDED 368(+0) 443(+3) 69(+1) 0(+0) 0(+0)
G10 45(+0) 8(+0) 0(+0) 0(+0) 0(+0)
AltFaU 70(+3) 8(+2) 0(+0) 0(+0) 0(+0)
Yaerara 0(+0) 0(+0) 0(+0) 44(+1) 0(+0)
Katy Mitchel 57(+5) 16(+2) 1(+0) 0(+0) 0(+0)
Miyuki K 399(+0) 63(+0) 1(+0) 0(+0) 0(+0)
MerkinBocker 4(+1) 2(+0) 0(+0) 0(+0) 0(+0)
Killer Tushar 102(+0) 81(+5) 7(+0) 0(+0) 0(+0)
Nerathil 13(+0) 274(+12) 4(+0) 0(+0) 0(+0)
Aries Hound 21(+0) 32(+3) 12(+0) 0(+0) 0(+0)
plk311 196(+0) 16(+0) 0(+0) 0(+0) 0(+0)
Qn Boudacci 476(+3) 173(+1) 10(+0) 0(+0) 0(+0)
Km) 438(+7) 77(+2) 3(+0) 0(+0) 0(+0)
Rayaa 171(+0) 137(+1) 36(+1) 0(+0) 0(+0)
War Maiden 40(+0) 297(+0) 108(+0) 161(+1) 0(+0)
Gangsta 501(+2) 219(+3) 0(+0) 0(+0) 0(+0)
Sir Robert. 1(+0) 1(+0) 0(+0) 0(+0) 0(+0)
suzukichic 130(+0) 32(+0) 0(+0) 0(+0) 0(+0)
Lord Rokaf 219(+0) 238(+2) 3(+0) 0(+0) 0(+0)
Korruption 414(+0) 926(+0) 66(+2) 0(+0) 0(+0)
Wolfy1982 63(+0) 149(+4) 3(+0) 0(+0) 0(+0)
Th Templar 18(+3) 1(+0) 0(+0) 0(+0) 0(+0)
Hugh G Athol 123(+2) 240(+2) 2(+0) 0(+0) 0(+0)
grafton 211(+0) 13(+0) 0(+0) 0(+0) 0(+0)
Griva 150(+0) 362(+5) 4(+0) 0(+0) 0(+0)
lady CC 409(+1) 233(+3) 8(+0) 0(+0) 0(+0)
WolfysPup 4443) 1+0) 0(+0) 0(+0) 0(+0)
BMET 72442) 1) 0+0) 0(+0) 0(+0)
Lady SKY 1771(+5) 33(+2) 0(+0) 0(+0) 0(+0)
Mixi2205 312(+2) 124(+1) 8(+0) 0(+0) 0(+0)
PJ 521(+0) 652(+7) 16(+0) 1(+0) 0(+0)
LordDementos 1159(+0) 156(+3) 7(+0) 0(+0) 0+0)
Burninglce 162(+3) 116(+0) 0(+0) 0(+0) 0+0)
MiniRayaa 39(+0) 1) 0(+0) 0(+0) 0(+0)
GIALEX 341(+10) 105(+0) 7(+0) 0(+0) 0(+0)
RollTheBones 420(+0) 7(+0) 0(+0) 0(+0) 0(+0)
Defender 124(+0) 34(+0) 2(+0) 0(+0) 0(+0)
Rastabeast 790(+0) 1321(+25) 120(+0) 25(+0) 0(+0)
Rhizoan 86(+4) 54(+0) 2(+0) 0(+0) 0(+0)
